Predicted class: 0
Logits: [[4.689022064208984, 2.1794910430908203]]
Probabilities: [[0.9248073101043701, 0.07519271969795227]]
